4
500933
0
0
erase 6,483871,818688,819714,884224,885251,902495
new 4,0,313,508,1219
new 2,1219,2243
new 2,2243,3267
new 2,3267,4291
new 2,4291,5315
new 2,5315,6339
new 2,6339,7363
new 2,7363,8387
new 2,8387,9411
new 2,9411,10435
new 2,10435,11459
new 2,11459,12483
new 2,12483,13507
new 2,13507,14531
new 2,14531,15555
new 2,15555,16579
new 2,16579,17603
new 2,17603,18627
new 2,18627,19651
new 2,19651,20675
new 2,20675,21699
new 2,21699,22723
new 2,22723,23747
new 2,23747,24771
new 2,24771,25795
new 2,25795,26819
new 2,26819,27843
new 2,27843,28867
new 2,28867,29891
new 2,29891,30915
new 2,30915,31939
new 4,31939,32771,33276,33468
new 2,33468,34492
new 2,34492,35516
new 2,35516,36540
new 2,36540,37564
new 2,37564,38588
new 2,38588,39612
new 2,39612,40636
new 2,40636,41660
new 2,41660,42684
new 2,42684,43708
new 2,43708,44732
new 2,44732,45756
new 2,45756,46780
new 2,46780,47804
new 2,47804,48828
new 2,48828,49852
new 2,49852,50876
new 2,50876,51900
new 2,51900,52924
new 2,52924,53948
new 2,53948,54972
new 2,54972,55996
new 2,55996,57020
new 2,57020,58044
new 2,58044,59068
new 2,59068,60092
new 2,60092,61116
new 2,61116,62140
new 2,62140,63164
new 2,63164,64188
new 2,64188,65212
new 4,65212,65537,66042,66741
new 2,66741,67765
new 2,67765,68789
new 2,68789,69813
new 2,69813,70837
new 2,70837,71861
new 2,71861,72885
new 2,72885,73909
new 2,73909,74933
new 2,74933,75957
new 2,75957,76981
new 2,76981,78005
new 2,78005,79029
new 2,79029,80053
new 2,80053,81077
new 2,81077,82101
new 2,82101,83125
new 2,83125,84149
new 2,84149,85173
new 2,85173,86197
new 2,86197,87221
new 2,87221,88245
new 2,88245,89269
new 2,89269,90293
new 2,90293,91317
new 2,91317,92341
new 2,92341,93365
new 2,93365,94389
new 2,94389,95413
new 2,95413,96437
new 2,96437,97461
new 4,97461,98307,98812,98990
new 2,98990,100014
new 2,100014,101038
new 2,101038,102062
new 2,102062,103086
new 2,103086,104110
new 2,104110,105134
new 2,105134,106158
new 2,106158,107182
new 2,107182,108206
new 2,108206,109230
new 2,109230,110254
new 2,110254,111278
new 2,111278,112302
new 2,112302,113326
new 2,113326,114350
new 2,114350,115374
new 2,115374,116398
new 2,116398,117422
new 2,117422,118446
new 2,118446,119470
new 2,119470,120494
new 2,120494,121518
new 2,121518,122542
new 2,122542,123566
new 2,123566,124590
new 2,124590,125614
new 2,125614,126638
new 2,126638,127662
new 2,127662,128686
new 2,128686,129710
new 2,129710,130734
new 4,130734,131073,131578,132263
new 2,132263,133287
new 2,133287,134311
new 2,134311,135335
new 2,135335,136359
new 2,136359,137383
new 2,137383,138407
new 2,138407,139431
new 2,139431,140455
new 2,140455,141479
new 2,141479,142503
new 2,142503,143527
new 2,143527,144551
new 2,144551,145575
new 2,145575,146599
new 2,146599,147623
new 2,147623,148647
new 2,148647,149671
new 2,149671,150695
new 2,150695,151719
new 2,151719,152743
new 2,152743,153767
new 2,153767,154791
new 2,154791,155815
new 2,155815,156839
new 2,156839,157863
new 2,157863,158887
new 2,158887,159911
new 2,159911,160935
new 2,160935,161959
new 2,161959,162983
new 4,162983,163843,164348,164512
new 2,164512,165536
new 2,165536,166560
new 2,166560,167584
new 2,167584,168608
new 2,168608,169632
new 2,169632,170656
new 2,170656,171680
new 2,171680,172704
new 2,172704,173728
new 2,173728,174752
new 2,174752,175776
new 2,175776,176800
new 2,176800,177824
new 2,177824,178848
new 2,178848,179872
new 2,179872,180896
new 2,180896,181920
new 2,181920,182944
new 2,182944,183968
new 2,183968,184992
new 2,184992,186016
new 2,186016,187040
new 2,187040,188064
new 2,188064,189088
new 2,189088,190112
new 2,190112,191136
new 2,191136,192160
new 2,192160,193184
new 2,193184,194208
new 2,194208,195232
new 2,195232,196256
new 4,196256,196609,197114,197785
new 2,197785,198809
new 2,198809,199833
new 2,199833,200857
new 2,200857,201881
new 2,201881,202905
new 2,202905,203929
new 2,203929,204953
new 2,204953,205977
new 2,205977,207001
new 2,207001,208025
new 2,208025,209049
new 2,209049,210073
new 2,210073,211097
new 2,211097,212121
new 2,212121,213145
new 2,213145,214169
new 2,214169,215193
new 2,215193,216217
new 2,216217,217241
new 2,217241,218265
new 2,218265,219289
new 2,219289,220313
new 2,220313,221337
new 2,221337,222361
new 2,222361,223385
new 2,223385,224409
new 2,224409,225433
new 2,225433,226457
new 2,226457,227481
new 2,227481,228505
new 4,228505,229379,229884,230034
new 2,230034,231058
new 2,231058,232082
new 2,232082,233106
new 2,233106,234130
new 2,234130,235154
new 2,235154,236178
new 2,236178,237202
new 2,237202,238226
new 2,238226,239250
new 2,239250,240274
new 2,240274,241298
new 2,241298,242322
new 2,242322,243346
new 2,243346,244370
new 2,244370,245394
new 2,245394,246418
new 2,246418,247442
new 2,247442,248466
new 2,248466,249490
new 2,249490,250514
new 2,250514,251538
new 2,251538,252562
new 2,252562,253586
new 2,253586,254610
new 2,254610,255634
new 2,255634,256658
new 2,256658,257682
new 2,257682,258706
new 2,258706,259730
new 2,259730,260754
new 2,260754,261778
new 4,261778,262145,262650,263307
new 2,263307,264331
new 2,264331,265355
new 2,265355,266379
new 2,266379,267403
new 2,267403,268427
new 2,268427,269451
new 2,269451,270475
new 2,270475,271499
new 2,271499,272523
new 2,272523,273547
new 2,273547,274571
new 2,274571,275595
new 2,275595,276619
new 2,276619,277643
new 2,277643,278667
new 2,278667,279691
new 2,279691,280715
new 2,280715,281739
new 2,281739,282763
new 2,282763,283787
new 2,283787,284811
new 2,284811,285835
new 2,285835,286859
new 2,286859,287883
new 2,287883,288907
new 2,288907,289931
new 2,289931,290955
new 2,290955,291979
new 2,291979,293003
new 2,293003,294027
new 4,294027,294915,295420,295556
new 2,295556,296580
new 2,296580,297604
new 2,297604,298628
new 2,298628,299652
new 2,299652,300676
new 2,300676,301700
new 2,301700,302724
new 2,302724,303748
new 2,303748,304772
new 2,304772,305796
new 2,305796,306820
new 2,306820,307844
new 2,307844,308868
new 2,308868,309892
new 2,309892,310916
new 2,310916,311940
new 2,311940,312964
new 2,312964,313988
new 2,313988,315012
new 2,315012,316036
new 2,316036,317060
new 2,317060,318084
new 2,318084,319108
new 2,319108,320132
new 2,320132,321156
new 2,321156,322180
new 2,322180,323204
new 2,323204,324228
new 2,324228,325252
new 2,325252,326276
new 2,326276,327300
new 4,327300,327681,328186,328829
new 2,328829,329853
new 2,329853,330877
new 2,330877,331901
new 2,331901,332925
new 2,332925,333949
new 2,333949,334973
new 2,334973,335997
new 2,335997,337021
new 2,337021,338045
new 2,338045,339069
new 2,339069,340093
new 2,340093,341117
new 2,341117,342141
new 2,342141,343165
new 2,343165,344189
new 2,344189,345213
new 2,345213,346237
new 2,346237,347261
new 2,347261,348285
new 2,348285,349309
new 2,349309,350333
new 2,350333,351357
new 2,351357,352381
new 2,352381,353405
new 2,353405,354429
new 2,354429,355453
new 2,355453,356477
new 2,356477,357501
new 2,357501,358525
new 2,358525,359549
new 4,359549,360449,360954,361078
new 2,361078,362102
new 2,362102,363126
new 2,363126,364150
new 2,364150,365174
new 2,365174,366198
new 2,366198,367222
new 2,367222,368246
new 2,368246,369270
new 2,369270,370294
new 2,370294,371318
new 2,371318,372342
new 2,372342,373366
new 2,373366,374390
new 2,374390,375414
new 2,375414,376438
new 2,376438,377462
new 2,377462,378486
new 2,378486,379510
new 2,379510,380534
new 2,380534,381558
new 2,381558,382582
new 2,382582,383606
new 2,383606,384630
new 2,384630,385654
new 2,385654,386678
new 2,386678,387702
new 2,387702,388726
new 2,388726,389750
new 2,389750,390774
new 2,390774,391798
new 2,391798,392822
new 4,392822,393217,393722,394351
new 2,394351,395375
new 2,395375,396399
new 2,396399,397423
new 2,397423,398447
new 2,398447,399471
new 2,399471,400495
new 2,400495,401519
new 2,401519,402543
new 2,402543,403567
new 2,403567,404591
new 2,404591,405615
new 2,405615,406639
new 2,406639,407663
new 2,407663,408687
new 2,408687,409711
new 2,409711,410735
new 2,410735,411759
new 2,411759,412783
new 2,412783,413807
new 2,413807,414831
new 2,414831,415855
new 2,415855,416879
new 2,416879,417903
new 2,417903,418927
new 2,418927,419951
new 2,419951,420975
new 2,420975,421999
new 2,421999,423023
new 2,423023,424047
new 2,424047,425071
new 4,425071,425985,426490,426600
new 2,426600,427624
new 2,427624,428648
new 2,428648,429672
new 2,429672,430696
new 2,430696,431720
new 2,431720,432744
new 2,432744,433768
new 2,433768,434792
new 2,434792,435816
new 2,435816,436840
new 2,436840,437864
new 2,437864,438888
new 2,438888,439912
new 2,439912,440936
new 2,440936,441960
new 2,441960,442984
new 2,442984,444008
new 2,444008,445032
new 2,445032,446056
new 2,446056,447080
new 2,447080,448104
new 2,448104,449128
new 2,449128,450152
new 2,450152,451176
new 2,451176,452200
new 2,452200,453224
new 2,453224,454248
new 2,454248,455272
new 2,455272,456296
new 2,456296,457320
new 2,457320,458344
new 4,458344,458753,459258,459873
new 2,459873,460897
new 2,460897,461921
new 2,461921,462945
new 2,462945,463969
new 2,463969,464993
new 2,464993,466017
new 2,466017,467041
new 2,467041,468065
new 2,468065,469089
new 2,469089,470113
new 2,470113,471137
new 2,471137,472161
new 2,472161,473185
new 2,473185,474209
new 2,474209,475233
new 2,475233,476257
new 2,476257,477281
new 2,477281,478305
new 2,478305,479329
new 2,479329,480353
new 2,480353,481377
new 2,481377,482401
new 8,482401,483359,819200,819202,884736,884739,903007,903068
new 2,903068,904092
new 2,904092,905116
new 2,905116,906140
new 2,906140,907164
new 2,907164,908188
new 2,908188,909212
new 2,909212,910236
new 2,910236,911260
new 2,911260,912284
new 2,912284,913308
new 2,913308,914332
new 2,914332,915356
new 2,915356,916380
new 4,916380,917316,917503,917504
zero 6,313,508,32771,33276,65537,65861
zero 6,65861,66042,98307,98812,131073,131411
zero 6,131411,131578,163843,164348,196609,196961
zero 6,196961,197114,229379,229884,262145,262511
zero 6,262511,262650,294915,295420,327681,328061
zero 6,328061,328186,360449,360954,393217,393611
zero 6,393611,393722,425985,426490,458753,459161
zero 6,459161,459258,483359,483871,818688,819103
zero 6,819103,819200,819202,819714,884224,884639
zero 6,884639,884736,884739,885251,902495,902910
zero 4,902910,903007,917316,917503
