4
214225
0
0
erase 4,208529,228864,229891,257475
new 4,0,247,508,1285
new 2,1285,2309
new 2,2309,3333
new 2,3333,4357
new 2,4357,5381
new 2,5381,6405
new 2,6405,7429
new 2,7429,8453
new 2,8453,9477
new 2,9477,10501
new 2,10501,11525
new 2,11525,12549
new 2,12549,13573
new 2,13573,14597
new 2,14597,15621
new 2,15621,16645
new 2,16645,17669
new 2,17669,18693
new 2,18693,19717
new 2,19717,20741
new 2,20741,21765
new 2,21765,22789
new 2,22789,23813
new 2,23813,24837
new 2,24837,25861
new 2,25861,26885
new 2,26885,27909
new 2,27909,28933
new 2,28933,29957
new 2,29957,30981
new 2,30981,32005
new 4,32005,32771,33276,33534
new 2,33534,34558
new 2,34558,35582
new 2,35582,36606
new 2,36606,37630
new 2,37630,38654
new 2,38654,39678
new 2,39678,40702
new 2,40702,41726
new 2,41726,42750
new 2,42750,43774
new 2,43774,44798
new 2,44798,45822
new 2,45822,46846
new 2,46846,47870
new 2,47870,48894
new 2,48894,49918
new 2,49918,50942
new 2,50942,51966
new 2,51966,52990
new 2,52990,54014
new 2,54014,55038
new 2,55038,56062
new 2,56062,57086
new 2,57086,58110
new 2,58110,59134
new 2,59134,60158
new 2,60158,61182
new 2,61182,62206
new 2,62206,63230
new 2,63230,64254
new 2,64254,65278
new 4,65278,65537,66042,66807
new 2,66807,67831
new 2,67831,68855
new 2,68855,69879
new 2,69879,70903
new 2,70903,71927
new 2,71927,72951
new 2,72951,73975
new 2,73975,74999
new 2,74999,76023
new 2,76023,77047
new 2,77047,78071
new 2,78071,79095
new 2,79095,80119
new 2,80119,81143
new 2,81143,82167
new 2,82167,83191
new 2,83191,84215
new 2,84215,85239
new 2,85239,86263
new 2,86263,87287
new 2,87287,88311
new 2,88311,89335
new 2,89335,90359
new 2,90359,91383
new 2,91383,92407
new 2,92407,93431
new 2,93431,94455
new 2,94455,95479
new 2,95479,96503
new 2,96503,97527
new 4,97527,98307,98812,99056
new 2,99056,100080
new 2,100080,101104
new 2,101104,102128
new 2,102128,103152
new 2,103152,104176
new 2,104176,105200
new 2,105200,106224
new 2,106224,107248
new 2,107248,108272
new 2,108272,109296
new 2,109296,110320
new 2,110320,111344
new 2,111344,112368
new 2,112368,113392
new 2,113392,114416
new 2,114416,115440
new 2,115440,116464
new 2,116464,117488
new 2,117488,118512
new 2,118512,119536
new 2,119536,120560
new 2,120560,121584
new 2,121584,122608
new 2,122608,123632
new 2,123632,124656
new 2,124656,125680
new 2,125680,126704
new 2,126704,127728
new 2,127728,128752
new 2,128752,129776
new 2,129776,130800
new 4,130800,131073,131578,132329
new 2,132329,133353
new 2,133353,134377
new 2,134377,135401
new 2,135401,136425
new 2,136425,137449
new 2,137449,138473
new 2,138473,139497
new 2,139497,140521
new 2,140521,141545
new 2,141545,142569
new 2,142569,143593
new 2,143593,144617
new 2,144617,145641
new 2,145641,146665
new 2,146665,147689
new 2,147689,148713
new 2,148713,149737
new 2,149737,150761
new 2,150761,151785
new 2,151785,152809
new 2,152809,153833
new 2,153833,154857
new 2,154857,155881
new 2,155881,156905
new 2,156905,157929
new 2,157929,158953
new 2,158953,159977
new 2,159977,161001
new 2,161001,162025
new 2,162025,163049
new 4,163049,163843,164348,164578
new 2,164578,165602
new 2,165602,166626
new 2,166626,167650
new 2,167650,168674
new 2,168674,169698
new 2,169698,170722
new 2,170722,171746
new 2,171746,172770
new 2,172770,173794
new 2,173794,174818
new 2,174818,175842
new 2,175842,176866
new 2,176866,177890
new 2,177890,178914
new 2,178914,179938
new 2,179938,180962
new 2,180962,181986
new 2,181986,183010
new 2,183010,184034
new 2,184034,185058
new 2,185058,186082
new 2,186082,187106
new 2,187106,188130
new 2,188130,189154
new 2,189154,190178
new 2,190178,191202
new 2,191202,192226
new 2,192226,193250
new 2,193250,194274
new 2,194274,195298
new 2,195298,196322
new 4,196322,196609,197114,197851
new 2,197851,198875
new 2,198875,199899
new 2,199899,200923
new 2,200923,201947
new 2,201947,202971
new 2,202971,203995
new 2,203995,205019
new 2,205019,206043
new 2,206043,207067
new 6,207067,208017,229376,229379,257987,258058
new 2,258058,259082
new 2,259082,260106
new 2,260106,261130
new 4,261130,262077,262143,262144
zero 6,247,508,32771,33276,65537,65795
zero 6,65795,66042,98307,98812,131073,131345
zero 6,131345,131578,163843,164348,196609,196895
zero 6,196895,197114,208017,208529,228864,229157
zero 6,229157,229376,229379,229891,257475,257768
zero 4,257768,257987,262077,262143
